/scratch/elec/t405-puhe/c/perso_synteesi/female/08/wav/08_test_0004.wav
ctc_out: [0, 0, 0, 0, 0, 0, 0, 0, 0, 0, 0, 0, 0, 0, 0, 0, 0, 0, 0, 0, 0, 0, 0, 0, 0, 0, 0, 0, 0, 16, 0, 0, 0, 22, 0, 0, 25, 19, 0, 0, 10, 0, 0, 0, 0, 14, 9, 0, 0, 9, 0, 10, 16, 0, 0, 4, 7, 0, 10, 10, 4, 4, 7, 0, 0, 14, 0, 0, 14, 19, 0, 0, 20, 6, 0, 0, 0, 10, 0, 0, 4, 0, 17, 6, 0, 0, 7, 0, 0, 0, 17, 9, 0, 0, 0, 21, 0, 0, 0, 21, 9, 0, 0, 0, 0, 4, 0, 0, 0, 0, 0, 0, 0, 0, 0, 0, 0, 0]
ctc_ce_out: [0, 0, 0, 0, 0, 0, 0, 0, 0, 0, 0, 0, 0, 0, 0, 0, 0, 0, 0, 0, 0, 0, 0, 0, 0, 0, 0, 2, 2, 2, 0, 19, 19, 19, 0, 8, 8, 0, 6, 6, 6, 15, 15, 0, 21, 21, 21, 10, 10, 0, 10, 15, 15, 0, 2, 0, 0, 2, 15, 15, 32, 32, 16, 0, 21, 21, 0, 0, 21, 21, 6, 6, 13, 13, 0, 22, 22, 15, 32, 32, 0, 20, 0, 22, 22, 0, 16, 16, 16, 0, 20, 20, 20, 10, 10, 0, 0, 12, 0, 0, 0, 12, 0, 10, 10, 10, 0, 0, 0, 0, 0, 0, 0, 0, 0, 0, 0, 0]
ctc_pred: argentiina on ottelun suosikki
ctc_ce_pred: argentiinaan ottelun suosikki
/scratch/elec/t405-puhe/c/perso_synteesi/male/11m/wav/11m_test_0005.wav
ctc_out: [0, 0, 0, 0, 0, 0, 0, 0, 0, 0, 0, 0, 0, 0, 0, 0, 0, 0, 0, 0, 19, 0, 10, 10, 0, 14, 12, 0, 0, 0, 4, 4, 11, 7, 0, 17, 17, 0, 0, 4, 4, 20, 9, 0, 0, 15, 0, 0, 0, 15, 7, 0, 0, 10, 19, 0, 0, 10, 0, 0, 4, 4, 17, 16, 0, 0, 0, 16, 0, 0, 0, 0, 0, 0, 4, 0, 15, 7, 0, 0, 0, 11, 16, 0, 0, 0, 0, 10, 0, 4, 4, 0, 0, 0, 0, 0, 0, 0, 0, 0, 0, 0, 0, 0, 0, 0, 0, 0, 0, 0, 0]
ctc_ce_out: [0, 0, 0, 0, 0, 0, 0, 0, 0, 0, 0, 0, 0, 0, 0, 0, 0, 0, 6, 6, 6, 0, 15, 0, 0, 21, 21, 28, 28, 32, 32, 11, 11, 0, 16, 20, 20, 0, 32, 13, 13, 10, 10, 10, 0, 17, 0, 0, 0, 17, 16, 16, 16, 15, 0, 6, 6, 6, 15, 0, 32, 20, 20, 20, 2, 2, 0, 0, 2, 2, 2, 32, 32, 32, 0, 17, 0, 16, 16, 16, 11, 11, 11, 2, 2, 0, 0, 2, 0, 0, 0, 0, 0, 0, 0, 0, 0, 0, 0, 0, 0, 0, 0, 0, 0, 0, 0, 0, 0, 0, 0]
ctc_pred: entä jos lipponen saa pojan
ctc_ce_pred: entä jos lipponen saa pojaa
/scratch/elec/t405-puhe/c/perso_synteesi/female/17/wav/17_test_0005.wav
ctc_out: [0, 0, 0, 0, 0, 0, 0, 0, 0, 0, 0, 0, 0, 0, 0, 0, 0, 0, 0, 0, 0, 0, 0, 19, 0, 0, 10, 0, 0, 14, 12, 0, 0, 0, 4, 11, 7, 0, 0, 0, 17, 0, 0, 0, 4, 0, 20, 9, 0, 0, 0, 0, 15, 0, 0, 0, 0, 15, 7, 0, 0, 0, 10, 19, 0, 0, 0, 10, 0, 0, 0, 4, 0, 17, 16, 0, 0, 0, 16, 0, 0, 0, 0, 0, 0, 4, 4, 0, 15, 7, 0, 0, 0, 0, 0, 0, 11, 16, 0, 0, 0, 0, 10, 10, 0, 4, 4, 0, 0, 0, 0, 0, 0, 0, 0, 0, 0, 0, 0, 0, 0, 0, 0, 0, 0, 0, 0, 0, 0]
ctc_ce_out: [0, 0, 0, 0, 0, 0, 0, 0, 0, 0, 0, 0, 0, 0, 0, 0, 0, 0, 0, 0, 0, 0, 6, 0, 0, 15, 0, 0, 21, 21, 0, 28, 0, 32, 11, 11, 11, 16, 16, 20, 20, 0, 32, 32, 0, 13, 0, 10, 10, 10, 0, 17, 17, 0, 0, 0, 0, 17, 0, 16, 16, 0, 15, 0, 6, 6, 6, 6, 15, 15, 0, 32, 20, 20, 20, 2, 2, 2, 0, 0, 2, 2, 2, 0, 32, 0, 0, 17, 0, 0, 16, 16, 16, 0, 11, 11, 11, 0, 2, 2, 2, 0, 0, 0, 15, 15, 0, 0, 0, 0, 0, 0, 0, 0, 0, 0, 0, 0, 0, 0, 0, 0, 0, 0, 0, 0, 0, 0, 0]
ctc_pred: entä jos lipponen saa pojan
ctc_ce_pred: entä jos lipponen saa pojan
/scratch/elec/t405-puhe/c/perso_synteesi/male/14m/wav/14m_test_0009.wav
ctc_out: [0, 0, 0, 0, 0, 0, 0, 0, 0, 0, 0, 0, 0, 0, 0, 0, 0, 0, 0, 0, 0, 0, 0, 0, 0, 0, 14, 16, 0, 0, 20, 7, 0, 0, 0, 4, 4, 5, 16, 0, 0, 20, 0, 0, 18, 9, 0, 0, 17, 0, 0, 14, 6, 0, 0, 0, 6, 0, 0, 0, 0, 4, 4, 14, 7, 0, 0, 6, 0, 21, 7, 0, 0, 0, 0, 21, 6, 0, 0, 6, 0, 10, 0, 4, 0, 20, 7, 0, 0, 0, 15, 6, 0, 0, 0, 17, 0, 0, 0, 17, 16, 0, 0, 0, 4, 4, 0, 0, 0, 0, 0, 0, 0, 0, 0, 0, 0, 0, 0, 0, 0, 0, 0, 0, 0, 0, 0, 0, 0, 0, 0, 0, 0, 0, 0, 0, 0, 0, 0, 0, 0]
ctc_ce_out: [0, 0, 0, 0, 0, 0, 0, 0, 0, 0, 0, 0, 0, 0, 0, 0, 0, 0, 0, 0, 0, 0, 0, 0, 21, 0, 2, 2, 0, 0, 13, 0, 16, 16, 0, 32, 0, 23, 2, 2, 2, 13, 0, 14, 14, 10, 10, 10, 20, 20, 0, 21, 21, 0, 22, 22, 0, 22, 22, 32, 32, 0, 21, 0, 16, 16, 22, 22, 0, 12, 0, 16, 16, 0, 12, 12, 22, 22, 0, 22, 0, 15, 0, 32, 13, 13, 16, 16, 0, 17, 17, 17, 0, 22, 0, 20, 20, 20, 0, 0, 20, 20, 20, 2, 2, 0, 0, 0, 0, 0, 0, 0, 0, 0, 0, 0, 0, 0, 0, 0, 0, 0, 0, 0, 0, 0, 0, 0, 0, 0, 0, 0, 0, 0, 0, 0, 0, 0, 0, 0, 0]
ctc_pred: talo valmistuu toukokuun lopussa
ctc_ce_pred: talo valmistuu toukokuun lopussa
/scratch/elec/t405-puhe/c/perso_synteesi/female/11/wav/11_test_0001.wav
ctc_out: [0, 0, 0, 0, 0, 0, 0, 0, 0, 0, 0, 0, 0, 0, 0, 0, 0, 0, 0, 0, 0, 0, 0, 0, 0, 0, 0, 0, 0, 0, 0, 0, 0, 7, 0, 0, 0, 0, 0, 9, 0, 0, 0, 0, 0, 4, 4, 19, 0, 0, 9, 9, 0, 0, 0, 0, 4, 4, 17, 9, 0, 0, 0, 20, 0, 0, 20, 12, 0, 0, 0, 0, 0, 21, 12, 0, 0, 12, 0, 0, 10, 0, 0, 0, 0, 0, 4, 4, 0, 7, 0, 0, 20, 0, 0, 20, 6, 0, 0, 0, 14, 0, 0, 0, 4, 4, 0, 0, 0, 16, 0, 0, 0, 0, 0, 17, 9, 0, 0, 0, 0, 0, 16, 0, 0, 0, 0, 0, 16, 0, 0, 0, 4, 4, 0, 0, 0, 0, 0, 0, 0, 0, 0, 0, 0, 0, 0, 0, 0, 0, 0, 0, 0, 0, 0, 0, 0, 0, 0]
ctc_ce_out: [0, 0, 0, 0, 0, 0, 0, 0, 0, 0, 0, 0, 0, 0, 0, 0, 0, 0, 0, 0, 0, 0, 0, 0, 0, 0, 0, 0, 0, 0, 0, 0, 0, 0, 16, 16, 0, 0, 9, 0, 0, 10, 10, 10, 32, 32, 32, 0, 6, 6, 0, 10, 10, 10, 0, 32, 0, 20, 20, 0, 10, 10, 13, 0, 0, 0, 13, 0, 0, 28, 28, 0, 12, 0, 28, 28, 0, 0, 28, 28, 28, 0, 15, 15, 32, 32, 0, 0, 0, 16, 16, 13, 13, 0, 0, 0, 13, 0, 22, 22, 21, 21, 21, 0, 32, 32, 32, 0, 2, 2, 2, 0, 0, 0, 20, 20, 20, 0, 10, 10, 10, 0, 0, 0, 2, 2, 0, 0, 0, 2, 2, 2, 0, 0, 0, 0, 0, 0, 0, 0, 0, 0, 0, 0, 0, 0, 0, 0, 0, 0, 0, 0, 0, 0, 0, 0, 0, 0, 0]
ctc_pred: oi ei silläkään ollut asiaa
ctc_ce_pred: ohi ei silläkään ollut asiaa
